camera_name: "1"
image_width: 1280
image_height: 720
camera_matrix:
   rows: 3
   cols: 3
   data: [ 6.3610131835937500e+02, 0., 6.3139727783203125e+02, 
          0., 0., 6.3463732910156250e+02, 
          3.6413128662109375e+02, 0., 0. ]
distortion_coefficients:
   rows: 1
   cols: 5
   data: [ 0., 0., 0., 0., 0. ]
distortion_model: plumb_bob
rectification_matrix:
   rows: 3
   cols: 3
   data: [ 1., 0., 0., 0., 1., 0., 0., 0., 1. ]
projection_matrix:
   rows: 3
   cols: 4
   data: [ 6.3610131835937500e+02, 0., 6.3139727783203125e+02, 0., 0.,
       6.3463732910156250e+02, 3.6413128662109375e+02, 0., 0., 0., 1.,
       0. ]
